      Sales Person  Country  Product        Date  Boxes Shipped
0             13.0      4.0     14.0  1641254400            180
1             23.0      2.0      2.0  1659312000             94
2              9.0      2.0     17.0  1657152000             91
3             12.0      0.0     17.0  1651017600            342
4             13.0      4.0     17.0  1645660800            184
...            ...      ...      ...         ...            ...
3277          15.0      0.0     20.0  1715904000            354
3278          13.0      5.0     21.0  1717718400            121
3279           5.0      1.0     16.0  1721952000            238
3280           8.0      2.0     10.0  1722124800            397
3281          15.0      2.0      1.0  1716422400            355

[3282 rows x 5 columns]